FRAMES = 10
HIGH = 9.24275
LOW = 6.80649
AVG = 8.1457
