FRAMES = 10
HIGH = 2.14023
LOW = 1.99114
AVG = 2.06305
